60		187 3	20
101
102
103
104
105
106
107
108
109
110
111
112
113
114
115
116
117
118
119
120
121
122
123
124
125
126
127
128
129
130
131
132
133
134
135
136
137
138
139
140
141
142
143
144
145
146
147
148
149
150
151
152
153
154
155
156
157
158
159
160
101 102 1
101 103 0.3
101 109 0.8
101 110 0.5  
102 103 1
102 104 0.3
102 109 0.5
102 110 0.8
102 111 0.5  
103 104 1
103 105 0.3
103 110 0.5
103 111 0.8
103 112 0.5  
104 105 1
104 106 0.3
104 111 0.5
104 112 0.8
104 113 0.5  
105 106 1
105 107 0.3
105 112 0.5
105 113 0.8
105 114 0.5  
106 107 1
106 108 0.3
106 113 0.5
106 114 0.8
106 115 0.5  
107 108 1
107 114 0.5
107 115 0.8
107 116 0.5  
108 115 0.5
108 116 0.8  
109 110 1
109 111 0.3
109 117 0.3  
110 111 1
110 112 0.3
110 118 0.3  
111 112 1
111 113 0.3
111 119 0.3  
112 113 1
112 114 0.3
112 120 0.3  
113 114 1
113 115 0.3
113 121 0.3  
114 115 1
114 116 0.3  
115 116 1
115 122 0.3  
116 123 0.3  
117 118 1
117 119 0.3
117 124 0.8
117 125 0.5  
118 119 1
118 120 0.3
118 124 0.5
118 125 0.8
118 126 0.5  
119 120 1
119 121 0.3
119 125 0.5
119 126 0.8
119 127 0.5  
120 121 1
120 126 0.5
120 127 0.8
120 128 0.5  
121 122 0.3
121 127 0.5
121 128 0.8  
122 123 1
122 129 0.8
122 130 0.5  
123 129 0.5
123 130 0.8  
124 125 1
124 126 0.3
124 131 0.3  
125 126 1
125 127 0.3
125 132 0.3  
126 127 1
126 128 0.3
126 133 0.3  
127 128 1
127 134 0.3  
128 129 0.3
128 135 0.3  
129 130 1
129 137 0.3  
130 138 0.3  
131 132 1
131 133 0.3
131 139 0.8
131 140 0.5  
132 133 1
132 134 0.3
132 139 0.5
132 140 0.8
132 141 0.5  
133 134 1
133 135 0.3
133 140 0.5
133 141 0.8
133 142 0.5  
134 135 1
134 136 0.3
134 141 0.5
134 142 0.8
134 143 0.5  
135 136 1
135 137 0.3
135 142 0.5
135 143 0.8
135 144 0.5  
136 137 1
136 138 0.3
136 143 0.5
136 144 0.8
136 145 0.5  
137 138 1
137 144 0.5
137 145 0.8
137 146 0.5  
138 145 0.5
138 146 0.8  
139 140 1
139 141 0.3
139 147 0.3  
140 141 1
140 142 0.3
140 148 0.3  
141 142 1
141 143 0.3
141 149 0.3  
142 143 1
142 144 0.3
142 150 0.3  
143 144 1
143 145 0.3
143 151 0.3  
144 145 1
144 146 0.3  
145 146 1
145 152 0.3  
146 153 0.3  
147 148 1
147 149 0.3
147 154 0.8
147 155 0.5  
148 149 1
148 150 0.3
148 154 0.5
148 155 0.8
148 156 0.5  
149 150 1
149 151 0.3
149 155 0.5
149 156 0.8
149 157 0.5  
150 151 1
150 156 0.5
150 157 0.8
150 158 0.5  
151 152 0.3
151 157 0.5
151 158 0.8  
152 153 1
152 159 0.8
152 160 0.5  
153 159 0.5
153 160 0.8  
154 155 1
154 156 0.3  
155 156 1
155 158 0.3  
156 157 1
156 158 0.3  
157 158 1  
158 159 0.3  
159 160 1
0	0	0
0	1	0
0	2	0
1	1	1
1	2	0.5
2	2	1
