20		53  4	10
11
12
13
14
21
22
23
24
31
32
33
34
41
42
43
44
51
52
53
54
11 12 1
11 13 0.3
11 21 0.8
11 22 0.5
12 13 1
12 14 0.3
12 21 0.5
12 22 0.8
12 23 0.5
13 14 1
13 22 0.5
13 23 0.8
13 24 0.5
14 23 0.5
14 24 0.8 
21 22 1
21 23 0.3
21 31 0.3
22 23 1
22 24 0.3
22 32 0.3
23 24 1
23 33 0.3  
24 34 0.3 
31 32 1
31 33 0.3
31 41 0.8
31 42 0.5
32 33 1
32 34 0.3
32 41 0.5
32 42 0.8
32 43 0.5  
33 34 1
33 42 0.5
33 43 0.8
33 44 0.5  
34 43 0.5
34 44 0.8  
41 42 1
41 43 0.3
41 51 0.3 
42 43 1
42 44 0.3
42 52 0.3  
43 44 1
43 53 0.3 
44 54 0.3 
51 52 1
51 53 0.3 
52 53 1
52 54 0.3 
53 54 1
0  0  0
0  1  0
0  2  0
0  3  0
1  1  1
1  2  0.33
1  3  0.66
2  2  1
2  3  0.33
3  3  1